07 3 9
06 2 1
02 4 8
10 8 4
01 2 4
15 4 1
28 1 3
01 2 5
07 5 9
05 9 5
21 3 1
01 6 4
04 9 2
07 9 2
04 2 6
01 9 1
02 4 9
02 7 4
04 3 5
02 7 9
05 2 7
02 9 1
01 9 2
03 3 7
03 5 2
02 6 1
01 9 4
25 1 9
02 5 3
01 1 7
09 7 1
01 2 8
16 9 7
05 9 5
07 1 8
01 9 7
18 7 4
01 3 4
01 1 8
02 8 1
01 3 9
17 4 5
05 8 6
02 8 1
06 6 7
02 9 4
05 1 3
03 3 7
01 1 2
02 3 8
02 4 1
02 8 7
02 9 7
01 2 4
01 2 4
02 1 7
11 7 1
04 4 1
03 1 3
07 1 8
04 2 8
02 1 4
02 4 3
02 1 3
03 7 4
04 8 6
01 7 5
02 4 1
04 6 2
03 1 8
06 8 6
01 2 1
23 5 8
21 8 3
02 6 9
01 8 9
02 3 7
26 3 8
02 9 2
08 6 3
03 5 4
01 7 4
01 7 9
01 5 4
05 2 9
07 9 8
38 8 7
01 1 7
01 4 9
03 4 1
04 3 2
01 1 7
34 7 6
03 4 7
01 4 2
02 1 3
01 2 9
05 3 6
01 4 6
04 2 6
01 9 5
04 7 3
01 5 9
01 9 1
01 3 6
01 9 3
05 7 9
01 1 9
03 9 1
01 3 4
38 6 1
02 9 4
03 3 6
01 9 5
08 6 8
01 3 6
01 6 8
02 4 3
04 8 5
01 6 2
01 2 7
01 6 3
03 8 7
04 7 6
01 4 1
05 1 4
04 6 5
03 5 8
03 5 3
01 8 2
06 3 8
01 5 7
01 2 1
01 7 6
03 4 9
06 8 6
03 8 2
03 6 2
01 4 5
01 6 9
02 6 1
01 4 1
02 5 2
01 8 5
01 9 8
22 1 5
03 2 3
01 8 4
02 3 6
01 6 4
01 3 8
01 2 8
10 5 3
01 6 8
02 8 4
01 6 3
02 2 3
01 8 5
13 3 4
02 1 7
11 1 2
03 4 5
06 1 9
08 2 6
04 2 1
02 6 5
04 1 8
02 8 6
01 7 1
01 7 2
08 6 5
01 8 4
01 1 6
10 5 1
03 9 4
06 1 3
09 4 5
01 2 1
01 4 9
01 6 8
01 2 1
01 4 8
02 8 9
01 8 6
01 3 2
01 1 4
01 2 5
01 1 8
01 6 8
08 5 3
01 8 7
01 7 8
06 9 6
02 9 2
01 9 7
01 8 5
01 2 7
01 2 9
16 5 2
04 5 1
12 3 6
01 5 4
08 6 9
01 8 5
02 9 6
02 2 5
03 1 4
03 6 7
07 9 6
04 7 1
01 5 2
01 3 2
04 1 9
04 9 5
12 6 7
04 2 6
04 2 9
07 6 3
03 9 8
05 2 4
04 5 7
01 9 4
13 7 8
03 7 8
02 3 2
05 1 5
11 4 9
07 9 1
04 4 3
01 6 8
08 8 4
01 1 7
03 4 6
04 2 8
03 5 4
01 4 1
04 9 8
03 5 2
02 2 3
01 6 7
07 1 9
03 7 4
01 4 2
01 6 8
01 5 7
01 6 7
09 4 6
07 9 5
01 4 3
01 5 6
04 3 7
03 3 1
02 2 4
03 1 6
04 5 1
02 5 3
03 6 8
06 7 3
10 3 7
10 6 4
03 1 9
04 7 2
02 3 5
01 3 5
01 1 2
03 9 1
02 1 9
04 2 5
10 4 9
02 8 7
01 2 9
01 9 4
01 1 9
03 7 8
05 9 8
06 5 4
05 9 6
05 8 5
04 5 2
03 7 8
03 9 1
02 5 8
01 4 6
03 6 3
08 4 3
02 6 7
24 8 9
01 6 9
08 9 3
01 1 9
02 8 3
03 9 4
18 3 5
01 2 6
01 6 1
13 9 8
03 4 1
01 4 2
01 5 3
01 9 2
06 2 9
03 3 1
03 7 6
02 1 5
03 6 7
17 8 1
08 5 7
11 7 5
01 4 5
24 1 3
07 5 9
11 5 9
01 5 4
01 5 2
01 4 7
16 3 1
03 5 8
01 9 1
12 9 2
05 3 1
02 8 5
02 3 4
01 8 6
02 5 3
01 6 1
02 4 1
08 2 1
24 1 6
01 9 6
04 2 6
04 3 2
04 9 4
01 7 5
06 9 1
17 6 4
01 1 9
02 9 7
09 6 7
12 7 2
11 1 2
12 4 2
01 1 4
01 5 7
02 6 3
02 4 3
01 1 6
05 4 2
01 7 5
02 6 9
06 2 4
01 5 8
03 4 1
01 8 9
05 4 1
01 1 2
01 3 8
07 1 6
01 8 6
01 3 5
01 1 8
01 4 5
02 5 9
01 8 2
02 6 8
01 8 6
01 6 8
01 8 5
04 9 5
01 9 6
01 6 8
37 2 5
01 2 8
37 5 8
21 8 4
01 3 7
12 4 1
01 7 8
04 6 3
01 4 2
02 2 6
02 3 2
02 2 7
02 7 1
03 5 3
02 2 8
15 8 7
01 7 2
02 5 8
05 4 3
03 6 2
08 1 9
08 9 4
07 8 9
02 8 5
04 1 9
10 3 2
01 6 7
06 7 8
10 4 7
01 3 7
03 9 1
05 8 1
05 2 7
01 4 3
01 5 6
10 1 7
34 7 4
01 6 9
01 7 3
08 4 2
01 9 7
01 7 9
22 4 5
01 3 8
06 5 6
01 8 4
09 9 4
01 3 2
04 2 1
11 2 6
14 4 7
01 2 1
12 5 6
07 7 9
02 5 4
01 8 5
06 6 8
03 7 8
01 2 6
02 4 3
01 3 8
01 2 5
01 3 4
05 8 9
05 1 4
03 8 9
05 4 7
18 6 3
02 8 9
03 6 3
05 7 1
01 6 7
03 9 7
06 7 8
08 9 8
01 7 6
12 3 1
02 9 7
01 8 6
09 8 9
02 8 7
01 7 8
02 1 6
07 1 9
16 9 5
04 3 9
08 1 3
05 5 1
01 4 3
04 7 6
03 8 2
08 3 2
11 2 7
03 6 1
04 3 6
12 5 7
02 3 6
07 1 7
02 5 1
01 9 2
01 5 7
31 7 4
06 9 1
06 4 7
16 4 5
01 9 4
01 7 6
04 4 1
11 5 9
02 5 6
01 2 9
04 5 1
08 9 2
12 6 5
11 5 1
18 1 2
03 4 3
02 6 7
02 9 1
01 5 9
03 9 5
13 2 8
10 8 2
03 8 6
03 3 9
07 1 5
06 5 6
03 1 2
05 7 8
13 2 8
09 6 3